0 1.0978589161674677
1 1.0960712955857679
2 1.0964262210242914
3 1.0949493462408415
4 1.0939012956449872
5 1.0996541221019007
6 1.0969788244731897
7 1.098289898403161
8 1.0975009977923404
9 1.0965799967730236
10 1.095984830737749
11 1.0957401078293634
12 1.0954899751907132
13 1.095517785045224
14 1.096003783532612
15 1.0954973604497011
16 1.0943913654578092
17 1.080861616304035
18 1.102892203822229
19 1.0971538567415986
20 1.0961374071944459
21 1.096765176441064
22 1.095825562892121
23 1.0975180919386354
24 1.0956340414169203
25 1.0954652334402974
26 1.0957485337875665
27 1.0934011927718168
28 1.0881428835023572
29 1.0808284229749472
30 1.0806003307152812
31 1.0686699698280484
32 1.05875551721766
33 1.0481515839087179
34 1.0389639297979976
35 1.0297691684421384
36 1.0232094263734022
37 1.01101301999541
38 0.9980155617051607
39 0.973504855090729
40 0.9771501837996353
41 0.987315453708066
42 0.9673331687971288
43 0.9561492134792131
44 0.9394583835483232
45 0.972430882403101
46 1.0100466657701224
47 0.9430138604255595
48 0.9380038828451722
49 0.8997064772761736
50 0.9222143697908038
51 0.9013657045830207
52 0.8860437762038534
53 0.8667315057285302
54 0.8376547170151191
55 0.8154798273930117
56 0.8137617945459342
57 0.7867855421179777
58 0.7961381671695472
59 0.8041316087673654
60 0.7533424014943532
61 0.7399920953527014
62 0.7246606146675232
63 0.7211950373691945
64 0.7318193738879785
65 0.7112618673123009
66 0.7117998099242392
67 0.7032368465808103
68 0.7030094544375133
69 0.6928659440357351
70 0.6997820820732185
71 0.6936581081861289
72 0.6940150655819298
73 0.6959932410484098
74 0.6880422590257431
75 0.6851102882337824
76 0.6763655289240036
77 0.6688876047227564
78 0.6658647524103601
79 0.6730873293605621
80 0.6564304098142824
81 0.6687701520233764
82 0.6617591681742965
83 0.6856323870206599
84 0.6756391338937872
85 0.6618606842008832
86 0.6638109360029176
87 0.6426954538318235
88 0.651328770241983
89 0.6493383143130247
90 0.6575502239789675
91 0.6410711545292056
92 0.6487037161527265
93 0.6343733207794108
94 0.6378486772625315
95 0.6407331352123782
96 0.638221719548715
97 0.6435472136280677
98 0.6507562749339251
99 0.6456446387204565
